101,0.01337875
1038,0.00965389
11,0.02984801
1199,0.00644817
12,0.01275719
1,0.03513193
13,0.04824106
144,0.00963407
16,0.03447726
17,0.00918367
19,0.01202657
2,0.02017871
2038,0.00704672
23,0.01003567
2388,0.03058984
267,0.00863243
291,0.00838668
293,0.01178016
3,0.01391839
330,0.01382786
386,0.01555054
388,0.01302345
3988,0.01251082
4,0.01032551
494,0.01245295
5,0.2272502
551,0.00644556
6,0.01205956
66,0.01688802
762,0.01953291
8,0.00456342
83,0.01188022
883,0.04133187
939,0.02186795
941,0.21003714
906,0.01910288
