101,0.01255924
1038,0.00215446
11,0.01910526
1199,0.00437564
12,0.00983251
1,0.03643714
13,0.03326299
1398,0.04325468
144,0.00971637
16,0.03247926
17,0.01125889
19,0.01598306
2,0.01542772
2038,0.00725907
23,0.01311812
2318,0.02456653
2388,0.01362362
2628,0.06271295
267,0.00978754
291,0.00637515
293,0.00441749
3,0.01217396
330,0.02217769
3328,0.03299457
386,0.03480345
388,0.04535396
3988,0.02565214
4,0.01026342
494,0.01429257
5,0.12475379
551,0.00258512
6,0.00890687
66,0.00601814
762,0.01022539
8,0.00410428
83,0.00914814
883,0.04039384
939,0.04727712
941,0.15370075
906,0.00746706
