101,0.0136117
1038,0.00636711
11,0.02543612
1199,0.00601578
12,0.01194328
1,0.03799542
13,0.04544704
1398,0.02865251
144,0.01062791
16,0.03222584
17,0.01102023
19,0.01678666
2,0.02364187
2038,0.00999919
23,0.01509734
2388,0.0246643
2628,0.03657566
267,0.00915737
291,0.00888969
293,0.0088569
3,0.01549882
330,0.02126505
386,0.02320945
388,0.01615555
3988,0.0177891
4,0.00998981
494,0.01349549
5,0.1988396
551,0.00550835
6,0.01347253
66,0.01075374
762,0.01463779
8,0.00557312
83,0.01068644
883,0.03553908
939,0.03238717
941,0.15794987
906,0.01423711
