101,0.01448657
1038,0.00602786
11,0.02249791
1199,0.0059538
12,0.01246421
1,0.03517323
13,0.04295816
1398,0.02672861
144,0.01064369
16,0.03042703
17,0.01070934
19,0.01498756
2,0.019903
2038,0.00871456
23,0.01265578
2318,0.01310283
2388,0.02189642
2628,0.03876153
267,0.0112159
291,0.00902618
293,0.00780983
3,0.01388411
330,0.02036835
386,0.02690753
388,0.0218465
3988,0.01640345
4,0.00992638
494,0.01424011
5,0.18106422
551,0.00448717
6,0.01248641
66,0.00952522
762,0.01582559
8,0.00511773
83,0.00968742
883,0.04269845
939,0.0336131
941,0.17112716
906,0.01464709
