101,0.01388881
1038,0.00545459
11,0.02353323
1199,0.00569772
12,0.01145885
1,0.03565121
13,0.03882259
1398,0.02831059
144,0.01061515
16,0.03043
17,0.0092257
19,0.01325862
2,0.01845653
2038,0.00718613
23,0.01144605
2318,0.01740413
2388,0.01992039
2628,0.04699569
267,0.01106224
291,0.00886558
293,0.00743133
3,0.01372246
330,0.02110838
386,0.02392628
388,0.02573147
3988,0.01534075
4,0.00922665
494,0.01325515
5,0.1628992
551,0.00394321
6,0.01119866
66,0.00889644
762,0.01551862
8,0.00457761
83,0.00986619
883,0.04156204
939,0.03691797
941,0.19562208
906,0.01157175
