101,0.01471781
1038,0.00611183
11,0.02479016
1199,0.00630569
12,0.01356878
1,0.03721501
13,0.04461407
1398,0.02694054
144,0.01060185
16,0.03109038
17,0.01103243
19,0.016122
2,0.02246399
2038,0.00998631
23,0.0140742
2388,0.02329329
2628,0.0364408
267,0.01022321
291,0.00935831
293,0.00862762
3,0.0147775
330,0.02098318
386,0.02844593
388,0.01869253
3988,0.01727282
4,0.01053171
494,0.01412121
5,0.19596538
551,0.00511585
6,0.0134224
66,0.01042962
762,0.01438591
8,0.00555327
83,0.01061564
883,0.03855462
939,0.03174068
941,0.15740981
906,0.01440367
