101,0.01307058
1038,0.00632445
11,0.02626734
1199,0.00625723
12,0.01189112
1,0.03780465
13,0.04626683
1398,0.03001908
144,0.01029577
16,0.03252932
17,0.01079678
19,0.01683245
2,0.02409158
2038,0.01032577
23,0.01454811
2388,0.02478621
2628,0.03446256
267,0.00919029
291,0.0089173
293,0.00887875
3,0.01488158
330,0.02094176
386,0.02288209
388,0.01675429
3988,0.01830163
4,0.01025121
494,0.01382048
5,0.19202339
551,0.00545687
6,0.01412446
66,0.01119539
762,0.01473295
8,0.00555318
83,0.01113824
883,0.03673716
939,0.03107924
941,0.16117546
906,0.01539446
