101,0.01304455
1038,0.00240871
11,0.020231
1199,0.00432423
12,0.01070523
1,0.03929082
13,0.0350605
1398,0.04107059
144,0.00972444
16,0.03941039
17,0.01276544
19,0.01711646
2,0.01699608
2038,0.00728784
23,0.01329072
2318,0.02157658
2388,0.01343339
2628,0.05628225
267,0.00952643
291,0.00692603
293,0.00431142
3,0.01491728
330,0.02181785
3328,0.03300168
386,0.03508297
388,0.04510409
3988,0.0219689
4,0.01102374
494,0.01239494
5,0.11954093
551,0.00294396
6,0.01005972
66,0.00654315
762,0.01098349
8,0.00426074
83,0.0117822
883,0.03953888
939,0.04497166
941,0.15040741
906,0.0088733
