101,0.01256196
1038,0.00917186
11,0.03071054
1199,0.00674201
12,0.01295771
1,0.03251083
13,0.04765498
144,0.01036677
16,0.03444894
17,0.00945435
19,0.0123204
2,0.01996145
2038,0.00636487
23,0.01016416
2388,0.02948905
267,0.00851828
291,0.00768042
293,0.0115354
3,0.01408158
330,0.01523503
386,0.0154065
388,0.01249621
3988,0.0127288
4,0.01012646
494,0.01260913
5,0.22809988
551,0.00671859
6,0.01238009
66,0.01699491
762,0.01856068
8,0.00470677
83,0.01210415
883,0.04069832
939,0.02166571
941,0.21486832
906,0.01790489
