101,0.0118598
1038,0.00799322
11,0.02983979
1199,0.00595402
12,0.01240734
1,0.03256256
13,0.04948406
144,0.01086327
16,0.03269067
17,0.0084245
19,0.01141339
2,0.02033195
2038,0.00781768
23,0.01001006
2388,0.03275533
267,0.00865141
291,0.00768215
293,0.01107349
3,0.01415475
330,0.01556567
386,0.01773975
388,0.01337148
3988,0.01429845
4,0.01033327
494,0.01210775
5,0.23076785
551,0.00603342
6,0.01193942
66,0.01587877
762,0.02109876
8,0.00468176
83,0.01167434
883,0.04701419
939,0.02449564
941,0.19672358
906,0.02030647
