101,0.01359725
1038,0.00248313
11,0.01992043
1199,0.00520036
12,0.01016523
1,0.0364052
13,0.03343322
1398,0.0384216
144,0.00980473
16,0.03386458
17,0.00978725
19,0.01630098
2,0.01832893
2038,0.00845768
23,0.01290222
2318,0.02856128
2388,0.01375043
2628,0.06266943
267,0.011378
291,0.00740696
293,0.00473622
3,0.01241278
330,0.02439297
3328,0.02652482
386,0.03073383
388,0.04790714
3988,0.02386027
4,0.00970082
494,0.01385507
5,0.13542426
551,0.00291832
6,0.01057147
66,0.00610073
762,0.01032499
8,0.00492572
83,0.00839724
883,0.03737406
939,0.04507255
941,0.1440921
906,0.00783576
