101,0.01160739
1038,0.00208548
1088,0.02513196
11,0.01952589
1199,0.00370475
12,0.01352937
1,0.03445009
13,0.02992013
1398,0.03321365
144,0.00831777
16,0.03706295
17,0.01059208
19,0.01561851
2,0.01526245
2038,0.00586718
23,0.01332567
2318,0.01869134
2388,0.01283072
2628,0.04764612
267,0.00841852
291,0.00633804
293,0.00382642
3,0.01378917
330,0.01937054
3328,0.02588381
386,0.0313684
388,0.03755126
3988,0.01823995
4,0.00981837
494,0.01121015
5,0.14923852
551,0.00295677
6,0.00987338
66,0.00638844
688,0.00990378
762,0.00967962
8,0.00373528
83,0.01057651
857,0.04653901
883,0.03266545
939,0.03535226
941,0.13145106
906,0.00744178
