101,0.01080697
1038,0.00251661
1088,0.02554384
11,0.0207481
1199,0.00333336
12,0.01142238
1,0.03405667
13,0.03005065
1398,0.03480601
144,0.00795934
16,0.03813586
17,0.01006879
19,0.01732099
2,0.0206941
2038,0.00506535
23,0.01272767
2318,0.01439498
2388,0.01320093
2628,0.04024092
267,0.0090107
291,0.00590173
293,0.00378328
3,0.01459642
330,0.02031217
3328,0.02564147
386,0.02694717
388,0.0334761
3988,0.01817236
4,0.01132842
494,0.01235578
5,0.15473
551,0.00286064
6,0.01132956
66,0.00749597
688,0.01050473
762,0.01186919
8,0.00419392
83,0.00957455
857,0.04432501
883,0.03353007
939,0.03614377
941,0.12955533
906,0.00926818
