101,0.01189529
1088,0.01484128
11,0.02266112
1199,0.00192575
12,0.00907329
1,0.03144876
13,0.02726167
1398,0.05044117
144,0.00609394
16,0.03143493
17,0.00475498
19,0.01526225
2,0.02929618
2038,0.00181716
23,0.00788182
2318,0.0140465
2388,0.00990353
2600,0.00350609
2628,0.04723365
267,0.00207279
291,0.00558779
293,0.00343336
3,0.01669138
330,0.01417186
3328,0.0190793
386,0.02632802
388,0.02539719
3988,0.02358194
4,0.00644242
494,0.01119927
5,0.16837538
551,0.00315505
6,0.01784969
66,0.00739545
688,0.01038188
700,0.01697041
762,0.02446471
83,0.00493973
857,0.03751286
883,0.03511189
939,0.05186319
941,0.12721508
