101,0.00977767
1088,0.01839694
11,0.02279663
1199,0.00295376
12,0.00988556
1,0.02901949
13,0.02968907
1398,0.05065748
144,0.00599733
16,0.03412423
17,0.00679266
19,0.01455842
2,0.02206636
2038,0.00290606
23,0.01165028
2318,0.01429629
2388,0.01386876
2600,0.00573017
2628,0.0421681
267,0.00692939
291,0.00466796
293,0.00331698
3,0.01313975
330,0.01621805
3328,0.02611462
386,0.02614655
388,0.02330766
3988,0.02063249
4,0.00965072
494,0.01116601
5,0.15793768
551,0.00255154
6,0.01194213
66,0.00667098
688,0.0103689
700,0.01332685
762,0.01269572
83,0.00728082
857,0.0417187
883,0.03908996
939,0.05895527
941,0.11958123
906,0.00925476
