101,0.01086574
1038,0.00263481
1088,0.02011749
11,0.01994651
1199,0.00305854
12,0.01131561
1,0.02958801
13,0.02998336
1398,0.04755667
144,0.00752898
16,0.03579412
17,0.00857829
19,0.01518339
2,0.02145085
2038,0.00419967
23,0.01226415
2318,0.01470323
2388,0.01304534
2628,0.03803433
267,0.0075384
291,0.00558305
293,0.00346521
3,0.01608992
330,0.01824547
3328,0.02408081
386,0.02150574
388,0.0270338
3988,0.01942824
4,0.01044566
494,0.01223098
5,0.16028551
551,0.00300744
6,0.01268263
66,0.00703838
688,0.01049401
762,0.01256134
8,0.00470998
83,0.0076583
857,0.03901398
883,0.03861181
939,0.05083629
941,0.13293727
906,0.0086667
