101,0.01090578
1038,0.0025202
1088,0.02095501
11,0.02142175
1199,0.00293946
12,0.01031717
1,0.02952233
13,0.03185804
1398,0.04718628
144,0.00645727
16,0.03418488
17,0.00843272
19,0.01444553
2,0.02256119
2038,0.00398367
23,0.01405888
2318,0.01621925
2388,0.01307354
2628,0.04133233
267,0.00717209
291,0.00546718
293,0.00342756
3,0.0136193
330,0.01708069
3328,0.02505858
386,0.02336889
388,0.02548957
3988,0.02144288
4,0.01046599
494,0.01173522
5,0.15431038
551,0.00264104
6,0.01157691
66,0.00653726
688,0.00971983
762,0.01341458
8,0.00441532
83,0.00855411
857,0.04194339
883,0.04305333
939,0.05533598
941,0.12218312
906,0.00961154
