101,0.01109039
1038,0.00256479
1088,0.02053898
11,0.02015177
1199,0.00279304
12,0.01078114
1,0.02847982
13,0.02743854
1398,0.04757946
144,0.00731185
16,0.03545328
17,0.00823894
19,0.01408781
2,0.01884294
2038,0.00432285
23,0.0124216
2318,0.01756745
2388,0.01258724
2628,0.04245768
267,0.00744521
291,0.00576064
293,0.00324458
3,0.01399364
330,0.01710374
3328,0.02621112
386,0.02342654
388,0.02879083
3988,0.0204301
4,0.01011228
494,0.01221872
5,0.15080702
551,0.00266234
6,0.01145165
66,0.00660691
688,0.01072147
762,0.01167135
8,0.00431691
83,0.0080768
857,0.04131577
883,0.04150243
939,0.0534051
941,0.13606042
906,0.00795486
