101,0.01081547
1038,0.00254521
1088,0.0251708
11,0.02083684
1199,0.00349653
12,0.01085481
1,0.03252136
13,0.02871217
1398,0.03758677
144,0.00843227
16,0.03558697
17,0.00945461
19,0.01499944
2,0.02016398
2038,0.00477885
23,0.01283759
2318,0.01553156
2388,0.01309878
2628,0.04248163
267,0.00942058
291,0.00611865
293,0.0034847
3,0.01517975
330,0.01921247
3328,0.02598958
386,0.02695796
388,0.02943283
3988,0.01843634
4,0.01112147
494,0.01181305
5,0.15695565
551,0.00281457
6,0.01118106
66,0.00747381
688,0.0108823
762,0.01060809
8,0.00416218
83,0.00880988
857,0.04534721
883,0.03779333
939,0.03701414
941,0.13091888
906,0.00896584
