101,0.01007701
1088,0.02022576
11,0.02446604
1199,0.00279003
12,0.01014546
1,0.02840592
13,0.03258601
1398,0.04735317
144,0.00635137
16,0.03165897
17,0.00749957
19,0.01420054
2,0.02346519
2038,0.00311355
23,0.01376047
2318,0.01587399
2388,0.01486151
2600,0.0068957
2628,0.03950842
267,0.00675637
291,0.00516573
293,0.00340922
3,0.01442068
330,0.01665268
3328,0.02457259
386,0.02382391
388,0.0238036
3988,0.02052127
4,0.00961775
494,0.01026699
5,0.1524888
551,0.00239686
6,0.0125863
66,0.00669938
688,0.00928349
700,0.01156944
762,0.01154229
83,0.00735525
857,0.04144448
883,0.04663318
939,0.05488544
941,0.1225597
906,0.00830593
