101,0.0089731
1088,0.01522434
11,0.02672067
1199,0.00238103
12,0.00883685
1,0.02902341
13,0.03035074
1398,0.05066063
144,0.00641264
16,0.02920859
17,0.00499855
19,0.01492616
2,0.02726889
2038,0.00174372
23,0.00971007
2318,0.01497615
2388,0.01218611
2600,0.00440254
2628,0.05144184
267,0.00592393
291,0.00537282
293,0.00374203
3,0.01700528
330,0.01209841
3328,0.02322185
386,0.02450139
388,0.02423126
3988,0.02443614
4,0.0072517
494,0.01013141
5,0.17232057
551,0.0033838
6,0.0162919
66,0.00774009
688,0.00874282
700,0.0132905
762,0.01149494
83,0.00501853
857,0.04087132
883,0.03828955
939,0.05484176
941,0.1119914
906,0.00836057
