101,0.01071657
1088,0.01499046
11,0.0242353
1199,0.00209073
12,0.00881902
1,0.03069131
13,0.0250534
1398,0.05573426
144,0.00499523
16,0.02958379
17,0.00482179
19,0.01473748
2,0.03060158
2038,0.00141992
23,0.00846656
2318,0.01330095
2388,0.0100584
2600,0.00450738
2628,0.04700279
267,0.00204242
291,0.00427223
293,0.00287881
3,0.0162321
330,0.01191227
3328,0.02227005
386,0.02601939
388,0.02124856
3988,0.02662755
4,0.00795321
494,0.01028762
5,0.15298429
551,0.00292551
6,0.01846831
66,0.00756252
688,0.01333629
700,0.01327206
762,0.02008563
83,0.00458651
857,0.04275161
883,0.03587322
939,0.05940795
941,0.13517495
