101,0.01030911
1088,0.01840679
11,0.02389216
1199,0.00273176
12,0.01031409
1,0.03176325
13,0.03130581
1398,0.05042085
144,0.0062801
16,0.03368021
17,0.00574089
19,0.01458445
2,0.02288731
2038,0.00243353
23,0.01064556
2318,0.0164872
2388,0.01321924
2600,0.00575561
2628,0.04473701
267,0.00677159
291,0.00508017
293,0.00343336
3,0.0143856
330,0.01327988
3328,0.02537226
386,0.02517834
388,0.0220679
3988,0.02081292
4,0.00895039
494,0.01073066
5,0.16243752
551,0.0029544
6,0.01425708
66,0.00732416
688,0.01022112
700,0.01371051
762,0.01017681
83,0.00676874
857,0.04284659
883,0.04406946
939,0.05800577
941,0.10815079
906,0.00741908
