101,0.01207078
1088,0.01890386
11,0.02372053
1199,0.00260033
12,0.01058866
1,0.03314758
13,0.02789889
1398,0.05007084
144,0.00499546
16,0.03523932
17,0.00612917
19,0.01511124
2,0.03114648
2038,0.0020101
23,0.00858527
2318,0.01579321
2388,0.00972247
2600,0.00464557
2628,0.05064174
267,0.00550586
291,0.00444776
293,0.00352831
3,0.01667108
330,0.01447391
3328,0.02345461
386,0.02333444
388,0.02391526
3988,0.02316946
4,0.00878517
494,0.01215049
5,0.11712239
551,0.00306878
6,0.02074345
66,0.00870574
688,0.01386477
700,0.0156392
762,0.01707762
83,0.00600164
857,0.04017784
883,0.039754
939,0.05660783
941,0.13877888
