101,0.01126074
1088,0.02055058
11,0.01765464
1199,0.00207552
12,0.01010513
1,0.02622518
13,0.02286771
1398,0.05224566
144,0.00516228
16,0.03154432
17,0.00743643
19,0.01499868
2,0.01964563
2038,0.00227929
23,0.00922414
2318,0.01563285
2388,0.01064332
2600,0.00613126
2628,0.04491657
267,0.00371153
291,0.00393178
293,0.0026695
3,0.01363709
330,0.01084261
3328,0.02547034
386,0.0210045
388,0.02750379
3988,0.05347101
4,0.00958005
494,0.0115862
5,0.14425809
6,0.01266364
66,0.00696963
688,0.0155634
700,0.01899965
762,0.01549459
83,0.00659195
836,0.00595755
857,0.03843071
883,0.03636736
939,0.0858021
941,0.09889298
