101,0.01052841
1088,0.01774835
11,0.02256165
1199,0.00216973
12,0.00953653
1,0.0300899
13,0.02963782
1398,0.04926094
144,0.00475581
16,0.03182693
17,0.00598722
19,0.01480173
2,0.03521821
2038,0.00165228
23,0.00922707
2318,0.01780003
2388,0.00981303
2600,0.00494851
2628,0.05500945
267,0.00501394
291,0.00446392
293,0.00324872
3,0.01600338
330,0.01516253
3328,0.02210319
386,0.02304618
388,0.02280031
3988,0.02517334
4,0.007695
494,0.01379463
5,0.11370135
551,0.00324764
6,0.02258092
66,0.00834141
688,0.01431435
700,0.01506814
762,0.01699837
83,0.00497054
857,0.03956619
883,0.04120182
939,0.06019333
941,0.13873722
