101,0.01056248
1088,0.02283173
11,0.01543923
1199,0.00216348
12,0.01061972
1,0.02390989
13,0.01960261
1398,0.07282657
144,0.00458724
16,0.03103585
17,0.00714975
19,0.01418211
2,0.01659486
2038,0.00256171
23,0.01080468
2318,0.01799935
2388,0.01173901
2600,0.00600109
2628,0.05070406
267,0.00459042
291,0.00516521
293,0.002813
3,0.01278987
330,0.01089167
3328,0.0226022
386,0.0190326
388,0.02626908
3988,0.0588969
4,0.0102113
494,0.0149244
5,0.14844293
6,0.01016695
66,0.00663389
688,0.01194418
700,0.02555711
762,0.01334315
83,0.00626333
836,0.00515964
857,0.0359327
883,0.03753832
939,0.08280491
941,0.07671083
