101,0.00993071
1088,0.01661957
11,0.01630868
1199,0.00235694
12,0.0084295
1,0.02531294
13,0.02217492
1398,0.04971116
144,0.00561393
16,0.0297543
17,0.0053133
19,0.01284587
2,0.0260193
2038,0.00195111
23,0.00765942
2318,0.01824571
2388,0.00882477
2600,0.00511354
2628,0.05201263
267,0.00267462
291,0.0037983
293,0.00248087
3,0.01313332
330,0.01283904
3328,0.02025644
386,0.02368858
388,0.02127433
3988,0.04819833
4,0.00709573
494,0.01260808
5,0.16867789
551,0.00316393
6,0.01735917
66,0.00714606
688,0.0139654
700,0.01590492
762,0.01487388
83,0.00524495
857,0.03533687
883,0.03854517
939,0.07926613
941,0.10826968
