101,0.01091175
1088,0.01764883
11,0.01581207
1199,0.00199667
12,0.00935409
1,0.02677644
13,0.02341206
1398,0.04864406
144,0.00481177
16,0.02966381
17,0.00613483
19,0.01315665
2,0.02257733
2038,0.00244299
23,0.00817714
2318,0.0162957
2388,0.00977172
2600,0.00560285
2628,0.04859119
267,0.0029826
291,0.00391879
293,0.00253594
3,0.01381463
330,0.01352285
3328,0.02084888
386,0.02435942
388,0.02320852
3988,0.04737274
4,0.00846541
494,0.01336702
5,0.18772542
551,0.00272122
6,0.01516999
66,0.00665705
688,0.01333388
700,0.01631804
762,0.01510062
83,0.00574225
857,0.03455752
883,0.03707205
939,0.07274453
941,0.09667867
