101,0.01100546
1088,0.02154396
11,0.01514072
1199,0.00219352
12,0.01063515
1,0.02475033
13,0.02095078
1398,0.06957368
144,0.00491972
16,0.03270237
17,0.007597
19,0.01543678
2,0.01669475
2038,0.00262938
23,0.00909205
2318,0.01739167
2388,0.0119851
2600,0.00611374
2628,0.04829346
267,0.00458908
291,0.0056124
293,0.00266973
3,0.01309339
330,0.01104549
3328,0.02331956
386,0.02008279
388,0.02671214
3988,0.06182359
4,0.0104522
494,0.01539944
5,0.14316578
6,0.0102474
66,0.00703626
688,0.01238515
700,0.02429845
762,0.0128637
83,0.00645058
836,0.00541611
857,0.03596586
883,0.03813573
939,0.08150979
941,0.07907579
