101,0.01090852
1088,0.02120502
11,0.01574518
1199,0.00231871
12,0.01009026
1,0.02519284
13,0.02198393
1398,0.0670548
144,0.00517748
16,0.03238724
17,0.00772861
19,0.01520641
2,0.01749648
2038,0.00198754
23,0.009506
2318,0.01595254
2388,0.01159547
2600,0.00615015
2628,0.04629109
267,0.00478727
291,0.00496698
293,0.00266258
3,0.01418583
330,0.01134588
3328,0.02407958
386,0.02038319
388,0.02786767
3988,0.05717045
4,0.01044393
494,0.01518385
5,0.15321637
6,0.01086756
66,0.00708034
688,0.01261566
700,0.02319951
762,0.01443102
83,0.00617143
836,0.0062079
857,0.03406796
883,0.03431769
939,0.0769088
941,0.08386029
