101,0.01113814
1088,0.02035199
11,0.01821684
1199,0.00229802
12,0.01039812
1,0.02632024
13,0.02341319
1398,0.04822872
144,0.00528225
16,0.03432217
17,0.00876604
19,0.01491523
2,0.01799403
2038,0.00217245
23,0.00898938
2318,0.01831877
2388,0.01156651
2600,0.00673093
2628,0.04836191
267,0.00457402
291,0.00438033
293,0.0026929
3,0.0129598
330,0.01254154
3328,0.02497919
386,0.0220978
388,0.02976101
3988,0.04996827
4,0.00949609
494,0.01137049
5,0.15134736
6,0.01122102
66,0.00752503
688,0.01476844
700,0.01962835
762,0.01508307
83,0.00725555
836,0.00618956
857,0.0367667
883,0.03522663
939,0.07971104
941,0.09267085
