101,0.01089861
1088,0.018204
11,0.01657986
1199,0.00244027
12,0.01017193
1,0.02677554
13,0.02342165
1398,0.04579979
144,0.00572366
16,0.03015764
17,0.00784216
19,0.01394768
2,0.01848245
2038,0.0023567
23,0.00977245
2318,0.01598665
2388,0.00961283
2600,0.00625246
2628,0.04394548
267,0.00388897
291,0.00420005
293,0.00256557
3,0.01220756
330,0.01175126
3328,0.02039111
386,0.02117005
388,0.02638539
3988,0.04684934
4,0.00844245
494,0.01078617
5,0.19948939
551,0.00238632
6,0.01132298
66,0.00691462
688,0.01376072
700,0.01663567
762,0.01452166
83,0.00673842
857,0.03887153
883,0.03891324
939,0.06863993
941,0.0947958
