101,0.01010751
1088,0.02056563
11,0.0163988
1199,0.00263351
12,0.00966926
1,0.02495603
13,0.02306434
1398,0.0475025
144,0.00537116
16,0.0319387
17,0.00772874
19,0.01413416
2,0.01858892
2038,0.00194984
23,0.00937635
2318,0.01594269
2388,0.01139188
2600,0.00644919
2628,0.04721415
267,0.00449858
291,0.00431384
293,0.00258846
3,0.01335295
330,0.01068598
3328,0.02517654
386,0.02149156
388,0.02880177
3988,0.05118242
4,0.00938376
494,0.01321085
5,0.16955905
6,0.01187212
66,0.00741035
688,0.01295127
700,0.02241343
762,0.0151645
83,0.00632294
836,0.00607085
857,0.0357819
883,0.03583057
939,0.07722266
941,0.08973029
