101,0.01056782
1088,0.01687616
11,0.02354859
1199,0.00268844
12,0.00932746
1,0.03084298
13,0.02507529
1398,0.05643237
144,0.00494638
16,0.0300947
17,0.00581397
19,0.01462824
2,0.02874089
2038,0.00164847
23,0.00820826
2318,0.01597849
2388,0.00983747
2600,0.0048722
2628,0.05305963
267,0.00278236
291,0.00488962
293,0.00311495
3,0.01416799
330,0.01404662
3328,0.02342278
386,0.02382919
388,0.02395367
3988,0.02195884
4,0.00885937
494,0.0094981
5,0.13095629
551,0.00305951
6,0.01827183
66,0.00769627
688,0.01332419
700,0.01495349
762,0.02007782
83,0.00586821
857,0.04337719
883,0.03916864
939,0.05782728
941,0.14170796
