101,0.01398473
1088,0.01874086
11,0.01582478
1109,0.00589243
1199,0.00325719
12,0.00971461
1,0.0261805
13,0.02412393
1398,0.0589176
144,0.00548471
16,0.03223514
17,0.00603812
19,0.01422015
2,0.02056114
2038,0.00202989
23,0.00924385
2318,0.02119976
2388,0.01503756
2600,0.00469066
2628,0.04274865
267,0.00389641
291,0.00774909
293,0.00434
3,0.01561592
330,0.01040493
3328,0.01061295
386,0.01995745
388,0.02425976
3988,0.04272331
4,0.0111776
494,0.02023201
5,0.15494833
6,0.01264757
66,0.00771503
688,0.01271852
700,0.02756003
762,0.00986916
83,0.00639386
836,0.00615451
857,0.03441733
883,0.04538469
939,0.06950525
941,0.09159006
