101,0.01102572
1088,0.02121074
11,0.01608184
1199,0.00259636
12,0.01068691
1,0.0246588
13,0.02200421
1398,0.06578308
144,0.00584088
16,0.03086311
17,0.00684921
19,0.01460177
2,0.01785179
2038,0.00313384
23,0.01051927
2318,0.01567244
2388,0.01205538
2600,0.00561586
2628,0.04780267
267,0.00420708
291,0.00614077
293,0.00313191
3,0.01269113
330,0.01239653
3328,0.02190858
386,0.01888788
388,0.02641635
3988,0.05454047
4,0.01048356
494,0.01805766
5,0.14734839
6,0.01127321
66,0.00714193
688,0.01230477
700,0.02843739
762,0.01271722
83,0.00672342
836,0.00548165
857,0.03417485
883,0.04015781
939,0.07537858
941,0.08514501
