101,0.01132177
1088,0.02213515
11,0.01567479
1109,0.00558609
1199,0.00231008
12,0.01024993
1,0.0258358
13,0.02207113
1398,0.05967172
144,0.00577853
16,0.03233241
17,0.00682876
19,0.01296841
2,0.01884018
2038,0.00291044
23,0.00925894
2318,0.01829061
2388,0.01339753
2600,0.00584763
2628,0.05095928
267,0.00421254
291,0.00638153
293,0.0037166
3,0.01425879
330,0.01250944
3328,0.00997418
386,0.02021906
388,0.02534863
3988,0.04456116
4,0.01124959
494,0.01932644
5,0.14918781
6,0.01219774
66,0.00754535
688,0.01203378
700,0.03147896
762,0.00886464
83,0.00664405
836,0.00572507
857,0.0367796
883,0.04737072
939,0.06908166
941,0.08906349
