101,0.01373756
1088,0.01899819
11,0.01519523
1109,0.00553715
1199,0.00330916
12,0.01041695
1,0.02846016
13,0.0268764
1398,0.05434057
144,0.00539188
16,0.03598364
17,0.00640266
1880,0.01144176
1898,0.00918255
19,0.01348662
2,0.01946854
2038,0.00212716
23,0.00930738
2318,0.0236487
2388,0.01585265
2600,0.00502752
2628,0.03971745
267,0.00393629
291,0.0073374
293,0.00432613
3,0.01473897
330,0.00897238
3328,0.00968841
386,0.02010493
388,0.02725213
3988,0.04041051
4,0.01196525
494,0.02029123
5,0.14551046
6,0.01139075
66,0.00737008
688,0.01168408
700,0.02969083
762,0.00932248
83,0.00685344
836,0.00546955
857,0.03317852
883,0.04679779
939,0.06651817
941,0.08328034
