101,0.01270634
1088,0.01916389
11,0.01551812
1109,0.00626116
1199,0.00325226
12,0.00987211
1,0.02459628
13,0.02062316
1398,0.06037489
144,0.00607131
16,0.03318114
17,0.00666624
19,0.01370351
2,0.0195178
2038,0.0022066
23,0.00934901
2318,0.02080827
2388,0.01391544
2600,0.00511725
2628,0.04841448
267,0.00384854
291,0.00666774
293,0.00385034
3,0.0157664
330,0.01125138
3328,0.01077962
386,0.01981042
388,0.02466096
3988,0.04408482
4,0.0110361
494,0.01789768
5,0.15787451
6,0.01230936
66,0.00737451
688,0.01282185
700,0.02840545
762,0.00933142
83,0.00679858
836,0.00601302
857,0.03505503
883,0.04407482
939,0.06981072
941,0.08915749
