101,0.01339681
1088,0.02010773
11,0.01444842
1109,0.00511458
1199,0.00332547
12,0.01009884
1,0.0280857
13,0.02787297
1398,0.05615266
144,0.00505102
16,0.03466634
17,0.00615146
1880,0.01009128
1898,0.00944849
19,0.01354443
2,0.01912647
2038,0.00205613
23,0.00903288
2318,0.02446573
2388,0.01534702
2600,0.00491355
2628,0.04286234
267,0.00446612
291,0.00651181
293,0.00406901
3,0.0134043
330,0.00847939
3328,0.00926521
386,0.02068487
388,0.03015427
3988,0.04494614
4,0.01187434
494,0.01834736
5,0.1405447
6,0.01146123
66,0.00716815
688,0.01093474
700,0.03070126
762,0.00851558
83,0.00673499
836,0.00474024
857,0.03350838
883,0.04899023
939,0.07062877
941,0.07850861
