101,0.01235378
1088,0.0190851
11,0.01576143
1109,0.00587485
1199,0.00298446
12,0.00981315
1,0.02475373
13,0.02028719
1398,0.06084638
144,0.00559899
16,0.03263225
17,0.00641297
19,0.01349854
2,0.02007236
2038,0.00215769
23,0.00907938
2318,0.02174067
2388,0.01302238
2600,0.00467823
2628,0.05080383
267,0.00366872
291,0.00683663
293,0.00360431
3,0.01642193
330,0.01023636
3328,0.01083147
386,0.02099569
388,0.02473698
3988,0.04459979
4,0.01035043
494,0.01846329
5,0.15026367
6,0.01269692
66,0.0075215
688,0.01181845
700,0.02587185
762,0.0097867
83,0.0067843
836,0.0065788
857,0.03645953
883,0.04710597
939,0.07017186
941,0.09273752
