101,0.0111971
1088,0.02278971
11,0.01547864
1199,0.0019823
12,0.01106165
1,0.02459681
13,0.0200873
1398,0.07079099
144,0.00487785
16,0.0315764
17,0.00707968
19,0.01502143
2,0.01670265
2038,0.00338559
23,0.01006667
2318,0.01688646
2388,0.01149283
2600,0.00595054
2628,0.0503575
267,0.00470986
291,0.00599177
293,0.00301553
3,0.01348079
330,0.01081646
3328,0.02200274
386,0.02046162
388,0.02647119
3988,0.05634246
4,0.01087332
494,0.0150384
5,0.14645325
6,0.01033072
66,0.00677202
688,0.01182003
700,0.02972089
762,0.01282288
83,0.00652029
836,0.00510258
857,0.03470028
883,0.03846673
939,0.07933893
941,0.07736517
