101,0.01045698
1088,0.02160843
11,0.01593536
1199,0.00250179
12,0.01033406
1,0.02483827
13,0.02178299
1398,0.06852362
144,0.0055412
16,0.02977291
17,0.00637389
19,0.01521008
2,0.01821706
2038,0.00329324
23,0.0093255
2318,0.01651316
2388,0.01171102
2600,0.00591749
2628,0.04936855
267,0.00420705
291,0.00575447
293,0.0029879
3,0.01278665
330,0.0119638
3328,0.02063151
386,0.01961077
388,0.02714428
3988,0.05449375
4,0.01030342
494,0.01801562
5,0.14840835
6,0.01145193
66,0.0068797
688,0.01085507
700,0.02692367
762,0.0115086
83,0.00602914
836,0.00560729
857,0.03523656
883,0.03794748
939,0.07826185
941,0.08576555
