101,0.01169855
1088,0.02142748
11,0.01627268
1109,0.00583067
1199,0.00215849
12,0.01030696
1,0.02542077
13,0.02097775
1398,0.06337282
144,0.00539329
16,0.0322609
17,0.00639417
19,0.01332205
2,0.02065958
2038,0.00259628
23,0.01013115
2318,0.01792011
2388,0.01346128
2600,0.00518588
2628,0.05177662
267,0.003602
291,0.00666053
293,0.00377418
3,0.01571211
330,0.0103547
3328,0.00973436
386,0.02115962
388,0.02523665
3988,0.04528861
4,0.01093731
494,0.01864192
5,0.14046981
6,0.01337869
66,0.00781261
688,0.01240169
700,0.03120282
762,0.00925536
83,0.00634224
836,0.00594137
857,0.03675689
883,0.04506106
939,0.07246229
941,0.09124572
