101,0.01236451
1088,0.02198685
11,0.01563926
1109,0.00649603
1199,0.00255355
12,0.01106619
1,0.02674979
13,0.02301797
1398,0.06133641
144,0.00593162
16,0.03397887
17,0.00727529
19,0.01373234
2,0.01906256
2038,0.0034082
23,0.0092876
2318,0.01806288
2388,0.01299496
2600,0.00601402
2628,0.05310081
267,0.00449418
291,0.00652585
293,0.00364791
3,0.01456682
330,0.01333682
3328,0.01034101
386,0.02070361
388,0.02535372
3988,0.04507634
4,0.0115842
494,0.019007050
5,0.14333809
6,0.01210104
66,0.00791974
688,0.0137453
700,0.02900903
762,0.00782298
83,0.00706375
836,0.00585065
857,0.03661068
883,0.04388862
939,0.0685664
941,0.08538651
