101,0.01367876
1088,0.01876907
11,0.0164495
1109,0.00506712
1199,0.00332951
12,0.00985189
1,0.02682713
13,0.02863576
1398,0.05604421
144,0.0055642
16,0.03316894
17,0.00600393
1880,0.00997323
1898,0.00858144
19,0.01495843
2,0.01925892
2038,0.00194403
23,0.00892689
2318,0.02587705
2388,0.01699956
2600,0.00458513
2628,0.04158838
267,0.00424639
291,0.00667164
293,0.0045701
3,0.01366484
330,0.00777388
3328,0.00903969
386,0.02025987
388,0.0305056
3988,0.0438931
4,0.01276511
494,0.02215778
5,0.13883315
6,0.01150355
66,0.00697597
688,0.01040921
700,0.029111
762,0.00819044
83,0.0065268
836,0.00432055
857,0.03408155
883,0.05037531
939,0.07007477
941,0.07796664
