101,0.01368401
1088,0.01982103
11,0.01493658
1109,0.00406499
1199,0.00420908
12,0.00930359
1,0.02732198
13,0.03042056
1398,0.06422051
144,0.00636377
16,0.03009346
17,0.00565302
1880,0.0113143
1898,0.00714886
19,0.0138236
2,0.01855256
2038,0.00159149
23,0.00843664
2318,0.02329661
2388,0.01452672
2600,0.00462574
2628,0.03304235
267,0.00476665
291,0.00603857
293,0.0036797
3,0.0133673
330,0.0063659
3328,0.00878014
386,0.02111212
388,0.02920003
3988,0.04328734
4,0.01384119
494,0.01803155
5,0.14544616
6,0.01213056
66,0.00657092
688,0.00982193
700,0.03591211
762,0.01197907
83,0.00578006
836,0.00434756
857,0.037883
883,0.05507875
939,0.07097774
941,0.06915018
