101,0.0121821
1088,0.01805653
11,0.01591608
1109,0.00445331
1199,0.00392344
12,0.00913545
1,0.0284934
13,0.03208619
1398,0.05572438
144,0.00607472
16,0.03214351
17,0.00548703
1880,0.01035656
1898,0.00745773
19,0.01313272
2,0.01864703
2038,0.00194707
23,0.00909125
2318,0.02265594
2388,0.01493352
2600,0.00473634
2628,0.03590207
267,0.00433275
291,0.00569777
293,0.00351817
3,0.0124541
330,0.00783399
3328,0.00820065
386,0.02200863
388,0.02828229
3988,0.04204687
4,0.01137107
494,0.01950164
5,0.16049172
6,0.01155804
66,0.00682194
688,0.00875054
700,0.03471167
762,0.01027551
83,0.00606863
836,0.00402421
857,0.03666775
883,0.0523352
939,0.06728952
941,0.07322097
