101,0.01340971
1088,0.01831043
11,0.01615199
1109,0.00505657
1199,0.00364055
12,0.00952983
1,0.02753739
13,0.02818358
1398,0.05398399
144,0.00561131
16,0.03290033
17,0.00567219
1880,0.01007365
1898,0.00823931
19,0.01530136
2,0.01881894
2038,0.0019287
23,0.00878776
2318,0.02462496
2388,0.01617581
2600,0.00462128
2628,0.03904526
267,0.00426323
291,0.00631181
293,0.00418359
3,0.01304742
330,0.00748382
3328,0.00858077
386,0.02063292
388,0.02984085
3988,0.04249621
4,0.01360806
494,0.01948035
5,0.15132628
6,0.01123415
66,0.00674893
688,0.00971109
700,0.02816366
762,0.00866031
83,0.00631988
836,0.00438886
857,0.03542718
883,0.05445179
939,0.06923435
941,0.07679958
