101,0.01255173
1044,0.00888735
1088,0.02017513
11,0.01520995
1109,0.00424852
1199,0.00356153
12,0.00848128
1,0.02530506
1299,0.03635566
13,0.02865147
1398,0.05745395
144,0.00532154
16,0.02795538
17,0.00450495
1880,0.01217297
1898,0.00688639
19,0.01324972
2,0.01990955
23,0.00789288
2318,0.02204464
2388,0.01338166
2600,0.00413982
2628,0.03167143
267,0.00396907
291,0.00610371
293,0.00340281
3,0.01341021
330,0.00499686
3328,0.00790464
386,0.02102378
388,0.0267493
3988,0.03803356
4,0.0130992
494,0.01405825
5,0.1492847
6,0.01307437
66,0.0063857
688,0.01090602
700,0.03416867
762,0.01182323
83,0.00526663
836,0.00460135
857,0.03841904
883,0.05191926
939,0.06203116
941,0.06935591
