101,0.01156652
1044,0.00854556
1088,0.02142667
11,0.01491663
1109,0.00464253
1199,0.00323018
12,0.00846101
1,0.02662436
1299,0.03931572
13,0.03091567
1398,0.05743211
144,0.00488169
16,0.0291533
17,0.0043902
1880,0.01276717
1898,0.00728443
19,0.01253045
2,0.02060446
23,0.00745594
2318,0.0227297
2388,0.0138695
2600,0.00418879
2628,0.03111913
267,0.00340257
291,0.00666362
293,0.00335236
3,0.01401904
330,0.00463296
3328,0.00788505
386,0.0206027
388,0.02620472
3988,0.03592773
4,0.01382764
494,0.01184854
5,0.14704383
6,0.01375962
66,0.00602429
688,0.01145273
700,0.03324392
762,0.01169189
83,0.00551414
836,0.00458086
857,0.03735878
883,0.04957092
939,0.05975665
941,0.07358369
