101,0.01240349
1088,0.01729365
11,0.01622225
1109,0.00486099
1199,0.00375434
12,0.00952094
1,0.02869123
13,0.0313321
1398,0.05293477
144,0.0060676
16,0.03238584
17,0.00570367
1880,0.00989289
1898,0.00757339
19,0.01418215
2,0.01868713
2038,0.00193204
23,0.00909348
2318,0.02132604
2388,0.01499189
2600,0.00494051
2628,0.036357
267,0.0042735
291,0.00584918
293,0.00380584
3,0.01237482
330,0.00737488
3328,0.00795192
386,0.02335915
388,0.02947688
3988,0.04116209
4,0.01309813
494,0.02079939
5,0.15899133
6,0.01119566
66,0.00674705
688,0.009721
700,0.03280086
762,0.00989714
83,0.00629933
836,0.00414223
857,0.03795264
883,0.05113497
939,0.0661355
941,0.0753091
