101,0.01347983
1088,0.02010785
11,0.01525366
1109,0.00450466
1199,0.00394956
12,0.0093243
1,0.02834322
13,0.03141088
1398,0.06390477
144,0.00588976
16,0.03098015
17,0.00566689
1880,0.01103783
1898,0.00705871
19,0.01318419
2,0.01830142
2038,0.00157916
23,0.0086175
2318,0.0227088
2388,0.014863
2600,0.00474281
2628,0.03519695
267,0.00458664
291,0.00620069
293,0.00353473
3,0.01304547
330,0.0069728
3328,0.00903736
386,0.02104034
388,0.02821394
3988,0.04394466
4,0.01322343
494,0.01808342
5,0.14022035
6,0.0115666
66,0.00666428
688,0.01074512
700,0.03123935
762,0.0100947
83,0.00582788
836,0.00453276
857,0.04066359
883,0.05873047
939,0.07150742
941,0.07021811
