101,0.01311997
1088,0.02121715
11,0.01536158
1109,0.00420838
1199,0.00401548
12,0.00918543
1,0.02719618
13,0.0308566
1398,0.06387094
144,0.00596782
16,0.03005245
17,0.00558266
1880,0.01230422
1898,0.00694741
19,0.01400187
2,0.01942373
2038,0.00145665
23,0.00895665
2318,0.02298948
2388,0.01445361
2600,0.00431841
2628,0.0329757
267,0.00468849
291,0.00605098
293,0.00355402
3,0.01258739
330,0.00558712
3328,0.00860117
386,0.0211419
388,0.02870778
3988,0.04371821
4,0.01407332
494,0.01629105
5,0.14143976
6,0.01263198
66,0.00671057
688,0.01061386
700,0.03668935
762,0.01313968
83,0.00577647
836,0.00465775
857,0.03849203
883,0.05600462
939,0.07076834
941,0.06961177
