101,0.01107041
1044,0.01077046
1088,0.02180936
11,0.01366018
1109,0.00474353
1199,0.00281446
12,0.00684406
1,0.02336944
1299,0.03755136
13,0.02700356
1398,0.05750577
144,0.00530942
16,0.02755879
17,0.0043762
1880,0.01307569
1898,0.00687124
19,0.01275964
2,0.02292707
23,0.0079878
2318,0.01842636
2388,0.01248669
2600,0.00279752
2628,0.02894027
267,0.00342535
291,0.00604348
293,0.00301182
3,0.01562682
330,0.00271014
3328,0.00721368
386,0.02542142
388,0.0246809
3988,0.03089631
4,0.01086972
494,0.01699542
5,0.14562694
6,0.01504284
66,0.00680287
688,0.01104894
700,0.03190627
762,0.01459398
83,0.0054327
836,0.005066
857,0.03946599
883,0.05076161
939,0.06189026
941,0.08480726
