101,0.01264843
1044,0.01010208
1088,0.02170555
11,0.01382556
1109,0.0041497
1199,0.00307459
12,0.00722249
1,0.02354599
1299,0.03707078
13,0.02732548
1398,0.05618138
144,0.00542228
16,0.02930692
17,0.00509598
1880,0.0128452
1898,0.0068972
19,0.01191276
2,0.02285404
23,0.00821831
2318,0.017593
2388,0.01230427
2600,0.00293809
2628,0.02695965
267,0.0031656
291,0.00608174
293,0.00296343
3,0.01540011
330,0.00261667
3328,0.00682541
386,0.02244037
388,0.0239344
3988,0.03133744
4,0.01106314
494,0.01566351
5,0.15829997
6,0.01494732
66,0.00666088
688,0.01015686
700,0.03552244
762,0.0134787
83,0.00558273
836,0.00472075
857,0.03856607
883,0.04739894
939,0.06181156
941,0.08216222
