101,0.01234936
1044,0.00935436
1088,0.02146359
11,0.01498723
1109,0.00420028
1199,0.00304737
12,0.00842608
1,0.02619693
1299,0.03969522
13,0.02749918
1398,0.05446754
144,0.00453109
16,0.02933629
17,0.00417611
1880,0.01313699
1898,0.00737751
19,0.01314064
2,0.0228095
23,0.00807435
2318,0.02068463
2388,0.01372635
2600,0.00367281
2628,0.02469306
267,0.00343531
291,0.00686725
293,0.00328474
3,0.01502221
330,0.00489879
3328,0.00729956
386,0.02206991
388,0.02575136
3988,0.03443265
4,0.01314439
494,0.01462271
5,0.14198049
6,0.01471455
66,0.00650733
688,0.01188452
700,0.03294261
762,0.01333051
83,0.00557322
836,0.00430031
857,0.03673057
883,0.04954515
939,0.06098439
941,0.08363104