101,0.01153568
1044,0.01007838
1088,0.02114952
11,0.01407772
1109,0.00320877
1199,0.00285009
12,0.00673161
1,0.02384159
1299,0.03768032
13,0.02497173
1398,0.04983742
144,0.00525042
16,0.02795378
17,0.00362744
1880,0.01264411
1898,0.00552806
19,0.01168834
2,0.02551647
23,0.0075361
2318,0.01524871
2388,0.01238553
2600,0.00275076
2628,0.02803757
267,0.00285181
291,0.00629897
293,0.00302754
3,0.01674001
330,0.00246991
3328,0.00685627
386,0.02582895
388,0.02356695
3988,0.03079571
4,0.01180851
494,0.01502693
5,0.15805539
6,0.01664049
66,0.00681106
688,0.00927072
700,0.03627827
762,0.0153399
83,0.00550869
836,0.00450677
857,0.04089095
883,0.04655351
939,0.05770085
941,0.09304169
