101,0.00995032
1044,0.0094634
1088,0.01631545
11,0.01363248
1109,0.00519301
1199,0.00292779
12,0.00713681
1,0.0235437
1299,0.04545615
13,0.02425655
1398,0.04820846
144,0.004433
151,0.01139567
16,0.02291166
17,0.0060712
1880,0.01099032
1898,0.00470462
19,0.01041034
1928,0.00928016
2,0.01976595
23,0.0065511
2318,0.0206155
2388,0.01446037
2600,0.00204845
2628,0.02633473
267,0.00236068
291,0.00431655
293,0.00248277
3,0.01525867
322,0.00620852
330,0.00199464
3328,0.00621457
386,0.01935579
388,0.01773144
3988,0.03458844
4,0.01129145
494,0.0143379
5,0.15194162
6,0.01396743
66,0.00649442
688,0.01226549
700,0.0417323
762,0.00878762
83,0.00647037
836,0.0053257
857,0.03405099
883,0.0453535
939,0.07279496
941,0.088617
