101,0.00979847
1044,0.01001083
1088,0.01537052
11,0.01355319
1109,0.00538755
1199,0.0028564
12,0.00675694
1,0.02198037
1299,0.04535852
13,0.02370108
1398,0.04669086
144,0.00436595
151,0.01155567
16,0.02192485
17,0.00555975
1880,0.01017573
1898,0.00413547
19,0.01018599
1928,0.00989356
2,0.01983818
23,0.00680793
2318,0.02098597
2388,0.01460134
2600,0.00217606
2628,0.02483278
267,0.00249864
291,0.00460499
293,0.00245855
3,0.01431522
322,0.00648598
330,0.0021347
3328,0.00632943
386,0.01930263
388,0.01888312
3988,0.03493909
4,0.01077526
494,0.01448492
5,0.16094526
6,0.01347599
66,0.00639729
688,0.01228398
700,0.04179509
762,0.00769075
83,0.00574273
836,0.00505228
857,0.03509993
883,0.04598218
939,0.07442396
941,0.08539411
