101,0.00898068
1044,0.00831591
1088,0.0167593
11,0.01342224
1109,0.00534403
1199,0.00288205
12,0.00771267
1,0.02363092
1299,0.04722875
13,0.02447523
1398,0.05672498
144,0.00476743
151,0.0117902
16,0.02310195
17,0.00659527
1880,0.01016526
1898,0.0045284
19,0.00928446
1928,0.01071592
2,0.01759785
23,0.00626132
2318,0.01863477
2388,0.01310464
2600,0.00198861
2628,0.02574658
267,0.00188301
291,0.00459688
293,0.00251632
3,0.01565163
322,0.00670067
330,0.00305515
3328,0.00728661
386,0.02084232
388,0.01958299
3988,0.03770621
4,0.01194817
494,0.0113321
5,0.15326017
6,0.01351788
66,0.00643044
688,0.01244673
700,0.04528548
762,0.00887825
83,0.00609251
836,0.0046658
857,0.03281994
883,0.04261978
939,0.07328435
941,0.07783717
