101,0.01004502
1044,0.0102694
1088,0.01832116
11,0.01275661
1109,0.00476846
1199,0.00287707
12,0.00655384
1,0.02244224
1299,0.03641194
13,0.02490112
1398,0.05276512
144,0.00485952
151,0.01083805
16,0.0210672
17,0.00554013
1880,0.01104813
1898,0.00543947
19,0.0097406
2,0.01876479
23,0.00713476
2318,0.02066004
2388,0.01392638
2600,0.0023267
2628,0.0244527
267,0.00255442
291,0.00529445
293,0.0024303
3,0.0147169
322,0.00633901
330,0.00323224
3328,0.00684843
386,0.02195214
388,0.01992268
3988,0.03614849
4,0.01097366
494,0.01517912
5,0.15851751
6,0.01259085
66,0.00624709
688,0.01075519
700,0.0421889
762,0.01017749
83,0.00619939
836,0.00420951
857,0.03882693
883,0.04622181
939,0.07953104
941,0.08103199
