101,0.00919431
1044,0.00908209
1088,0.01586614
11,0.01410266
1109,0.00540293
1199,0.00277148
12,0.00831255
1,0.02450688
1299,0.0458875
13,0.02486268
1398,0.05240603
144,0.00461434
151,0.01115968
16,0.02534789
17,0.00688109
1880,0.01010142
1898,0.00428403
19,0.01000732
1928,0.01084603
2,0.01844485
23,0.00668247
2318,0.01848949
2388,0.01414755
2600,0.00196356
2628,0.02585214
267,0.00184438
291,0.00482167
293,0.00230996
3,0.01589981
322,0.00708884
330,0.00238672
3328,0.00714082
386,0.018843
388,0.01872019
3988,0.0363475
4,0.0126502
494,0.0109065
5,0.15233888
6,0.0141685
66,0.00659751
688,0.01249798
700,0.04538077
762,0.009298
83,0.00664731
836,0.00501001
857,0.03324761
883,0.04404022
939,0.07021388
941,0.08038261
