101,0.00992433
1044,0.00915256
1088,0.01906247
11,0.01262841
1109,0.00458198
1199,0.00302237
12,0.0066279
1,0.02372812
1299,0.03650905
13,0.025601
1398,0.05755969
144,0.00531682
151,0.00854025
16,0.02548425
17,0.00516412
1880,0.00994842
1898,0.00624291
19,0.00995551
2,0.01897865
23,0.00780875
2318,0.02045487
2388,0.01239241
2600,0.00242035
2628,0.02774294
267,0.00312702
291,0.00542296
293,0.00297484
3,0.01432639
322,0.00734298
330,0.00246092
3328,0.00744847
386,0.02613239
388,0.02274635
3988,0.03881247
4,0.01114402
494,0.01559463
5,0.1495094
6,0.01283886
66,0.00622697
688,0.00992285
700,0.03345766
762,0.01121149
83,0.00605235
836,0.00468424
857,0.03967959
883,0.04709231
939,0.07377023
941,0.07917247
