101,0.00986791
1044,0.01037327
1088,0.01598314
11,0.01405488
1109,0.00508619
1199,0.00262624
12,0.00762707
1,0.02440725
1299,0.04541849
13,0.02407791
1398,0.04551414
144,0.00414976
151,0.01162694
16,0.02409353
17,0.00592284
1880,0.01081141
1898,0.00419557
19,0.01036253
1928,0.01101736
2,0.01942214
23,0.0069136
2318,0.01896507
2388,0.01512358
2600,0.00195
2628,0.02570428
267,0.00201793
291,0.00460583
293,0.00248331
3,0.01586805
322,0.00747786
330,0.00254888
3328,0.0073877
386,0.02039263
388,0.01760597
3988,0.03336843
4,0.01203993
494,0.01227001
5,0.15767056
6,0.01451484
66,0.00669505
688,0.01191807
700,0.04366529
762,0.00963474
83,0.0062494
836,0.00524972
857,0.03284107
883,0.04364328
939,0.07144137
941,0.08311501
