101,0.01004479
1044,0.00884165
1088,0.0188076
11,0.01294782
1109,0.00442456
1199,0.00293846
12,0.0070412
1,0.02426982
1299,0.03852726
13,0.02563181
1398,0.05694377
144,0.00517876
151,0.0085489
16,0.02649499
17,0.00573395
1880,0.00906123
1898,0.00600599
19,0.01000582
2,0.01946399
23,0.00749385
2318,0.02096897
2388,0.01264662
2600,0.00258446
2628,0.02764717
267,0.00290752
291,0.00543559
293,0.00280108
3,0.01459523
322,0.00705472
330,0.00371425
3328,0.00712398
386,0.02304462
388,0.0228863
3988,0.03699472
4,0.01133806
494,0.01591975
5,0.15194155
6,0.01259217
66,0.00620098
688,0.00983961
700,0.03449977
762,0.01022569
83,0.00634237
836,0.00460266
857,0.03863345
883,0.04893816
939,0.07326942
941,0.0768449
