101,0.00900565
1044,0.01057499
1088,0.02086911
11,0.01284055
1109,0.00463729
1199,0.00268899
12,0.00666455
1,0.02339746
1299,0.03725261
13,0.02526659
1398,0.05467997
144,0.00508346
151,0.01026753
16,0.02507348
17,0.00409619
1880,0.01144467
1898,0.00595707
19,0.01237552
2,0.0217186
23,0.00834121
2318,0.01897871
2388,0.01240656
2600,0.00242899
2628,0.02603268
267,0.00325836
291,0.00582572
293,0.0028643
3,0.01554739
322,0.0084135
330,0.00235603
3328,0.00721689
386,0.0249806
388,0.0231984
3988,0.03704104
4,0.00968697
494,0.01486301
5,0.14942519
6,0.01452203
66,0.00662739
688,0.00966444
700,0.03139817
762,0.01403214
83,0.00593383
836,0.0051791
857,0.03717599
883,0.04420249
939,0.07122992
941,0.08327465
