101,0.00930494
1044,0.00819009
1088,0.01580364
11,0.01326109
1109,0.00618342
1199,0.00267839
12,0.00780914
1,0.02407802
1299,0.04520562
13,0.02488267
1398,0.05651009
144,0.00428458
151,0.01206175
16,0.02389379
17,0.00664252
1880,0.01106059
1898,0.00446822
19,0.00944988
1928,0.01169571
2,0.01795923
23,0.00648372
2318,0.01747447
2388,0.01289881
2600,0.00190617
2628,0.02490251
267,0.00183144
291,0.00486115
293,0.00235413
3,0.01603748
322,0.00649364
330,0.00341786
3328,0.00728147
386,0.02020189
388,0.0186729
3988,0.03804598
4,0.01323216
494,0.01093318
5,0.15607925
6,0.01385674
66,0.00656174
688,0.01373486
700,0.04117956
762,0.00833836
83,0.00606059
836,0.00484563
857,0.03207544
883,0.04336561
939,0.07320414
941,0.07824573
