101,0.01023473
1044,0.01008664
1088,0.01790267
11,0.01269406
1109,0.00440222
1199,0.0030672
12,0.00653081
1,0.02241972
1299,0.03857978
13,0.02660685
1398,0.05245629
144,0.00517412
151,0.01015118
16,0.02232549
17,0.00549437
1880,0.01040111
1898,0.00546562
19,0.00950966
2,0.01944761
23,0.00731303
2318,0.01920734
2388,0.01276713
2600,0.00237254
2628,0.02411711
267,0.00268727
291,0.00522961
293,0.00272964
3,0.01517297
322,0.00706526
330,0.00323795
3328,0.00688685
386,0.02283409
388,0.02153422
3988,0.03578441
4,0.01028077
494,0.01631771
5,0.15681478
6,0.01271875
66,0.006467
688,0.0097011
700,0.03846669
762,0.00997609
83,0.00587265
836,0.00439301
857,0.0372624
883,0.04584448
939,0.08120704
941,0.082788
