101,0.00984369
1044,0.01048994
1088,0.0165879
11,0.01359763
1109,0.00529437
1199,0.00268476
12,0.00662142
1,0.02191771
1299,0.03785134
13,0.02425796
1398,0.05440015
144,0.00512598
151,0.01184936
16,0.02249798
17,0.00559767
1880,0.01021128
1898,0.00486968
19,0.01003551
2,0.02045568
23,0.00723914
2318,0.02043714
2388,0.01417933
2600,0.00224406
2628,0.02373641
267,0.00264362
291,0.00517406
293,0.00261881
3,0.0154245
322,0.0063339
330,0.00281882
3328,0.00653666
386,0.02046821
388,0.01944546
3988,0.03766242
4,0.01094753
494,0.01500573
5,0.15530618
6,0.01334472
66,0.0064946
688,0.01145073
700,0.0420788
762,0.00891637
83,0.00565566
836,0.00477027
857,0.03669017
883,0.04362981
939,0.08109314
941,0.08346374
