101,0.00816366
1044,0.00975715
1088,0.01091406
11,0.01304701
1109,0.00626144
1199,0.00265291
12,0.00741403
1,0.02208649
1299,0.06337635
13,0.02662347
135,0.00527246
1398,0.05368732
144,0.00435619
151,0.01081333
16,0.02184091
17,0.0061157
1880,0.00750462
1898,0.00231126
19,0.00894687
1928,0.01457858
2,0.0173915
23,0.00569149
2318,0.01454341
2388,0.01317466
2628,0.01988
267,0.00197389
27,0.01363673
291,0.00410622
293,0.00242688
3,0.01650014
322,0.00537566
3328,0.00631983
386,0.02107361
388,0.01892193
3988,0.03688121
4,0.01477767
494,0.00881765
5,0.15441542
6,0.01407628
66,0.00605802
688,0.0130644
700,0.05707856
762,0.00763545
83,0.00467562
836,0.00489286
857,0.02749305
883,0.03601322
939,0.0693832
941,0.07114965
992,0.00684801
