101,0.00864045
1044,0.00974125
1088,0.01222616
11,0.01351222
1109,0.00687774
1199,0.00269387
12,0.00746863
1,0.02156887
1299,0.05881976
13,0.02491914
135,0.00678343
1398,0.05704277
144,0.00454377
151,0.01180578
16,0.02142952
17,0.00658836
1880,0.00785542
1898,0.00279041
19,0.00947565
1928,0.01407555
2,0.01755696
23,0.00583137
2318,0.01662083
2388,0.01354757
2628,0.02108921
267,0.00213334
291,0.00430451
293,0.00241553
3,0.01621544
322,0.00552946
330,0.00309863
3328,0.00736167
386,0.02224869
388,0.02019616
3988,0.04132358
4,0.01479405
494,0.00896724
5,0.15520047
6,0.01340306
66,0.00628891
688,0.0133717
700,0.04825655
762,0.00710859
83,0.00487085
836,0.00552353
857,0.0269608
883,0.03463411
939,0.07493398
941,0.07027939
992,0.00707505
