101,0.00922605
1044,0.00862321
1088,0.01362113
11,0.01353156
1109,0.00629026
1199,0.00266104
12,0.0072897
1,0.02263452
1299,0.05819904
13,0.02450969
135,0.00755235
1398,0.05703926
144,0.00450657
151,0.01230443
16,0.02172398
17,0.00701802
1880,0.0085048
1898,0.00383694
19,0.00955145
1928,0.0138246
2,0.01831248
23,0.00581428
2318,0.01740537
2388,0.01362144
2628,0.02125709
267,0.0023527
291,0.0039263
293,0.00222742
3,0.01678556
322,0.00563419
330,0.00244529
3328,0.00722766
386,0.025494
388,0.02052327
3988,0.04064567
4,0.01489625
494,0.00889969
5,0.14749866
6,0.01444225
66,0.00635185
688,0.01242813
700,0.03901108
762,0.00696623
83,0.00555513
836,0.00630568
857,0.03052627
883,0.03786871
939,0.07582094
941,0.07044765
992,0.00686012
