101,0.00907672
1044,0.00870012
1088,0.01373462
11,0.01344908
1109,0.00642351
1199,0.00287011
12,0.00716786
1,0.02302626
1299,0.05075437
13,0.02517583
135,0.00735134
1398,0.05675039
144,0.00465275
151,0.01111168
16,0.02396839
17,0.00743569
1880,0.00943804
1898,0.00407751
19,0.00944107
1928,0.01239304
2,0.01783686
23,0.00688682
2318,0.01821439
2388,0.01356232
2600,0.00175325
2628,0.02400565
267,0.00257691
291,0.00415109
293,0.00239453
3,0.01573187
322,0.00556534
330,0.00270219
3328,0.00736738
386,0.02466908
388,0.02132593
3988,0.03952162
4,0.01409945
494,0.00854639
5,0.15500459
6,0.01354223
66,0.00645957
688,0.01315403
700,0.04163738
762,0.00725084
83,0.0058194
836,0.00592547
857,0.03087237
883,0.03703133
939,0.07434366
941,0.07104969
