101,0.00916114
1044,0.01022929
1088,0.01017758
11,0.01326653
1109,0.00654139
1199,0.00254865
12,0.00744053
1,0.02211149
1299,0.05983947
13,0.02629231
135,0.00671541
1398,0.05456314
144,0.00455106
151,0.01201398
16,0.02224047
17,0.00615144
1880,0.00747906
1898,0.00239563
19,0.00964572
1928,0.01336157
2,0.01798322
23,0.0057367
2318,0.016061
2388,0.01334834
2628,0.02070813
267,0.00206654
27,0.0133085
291,0.00443318
293,0.00242036
3,0.01644804
322,0.00598157
3328,0.00661922
386,0.02106897
388,0.01941598
3988,0.03832816
4,0.01493835
494,0.00943548
5,0.15051908
6,0.01403682
66,0.00626912
688,0.012577
700,0.05111633
762,0.00736361
83,0.00491171
836,0.00534533
857,0.02632664
883,0.03554537
939,0.06986952
941,0.07387601
992,0.00721586
