101,0.00810949
1044,0.00995867
1088,0.01100264
11,0.01327057
1109,0.00617135
1199,0.00274174
12,0.00705331
1,0.02251425
1299,0.06022201
13,0.02716601
135,0.00479563
1398,0.05153047
144,0.00487941
151,0.01175301
16,0.01932754
17,0.00605726
1880,0.00716529
1898,0.00261393
19,0.00807843
1928,0.01590555
2,0.01641468
23,0.0061878
2318,0.01608817
2388,0.0126399
2628,0.0205175
267,0.00226634
27,0.01730255
291,0.00406249
293,0.00246076
3,0.01468226
322,0.00551973
3328,0.00684411
386,0.02124441
388,0.01869299
3988,0.03857766
4,0.01396602
494,0.00905568
5,0.14793425
6,0.0132071
66,0.00610418
688,0.01280868
700,0.0622265
762,0.00983939
83,0.00465888
836,0.00484078
857,0.02477539
883,0.03865901
939,0.06891203
941,0.0716802
992,0.007514
