101,0.00785899
1044,0.00984062
1088,0.01185405
11,0.01333678
1109,0.00625997
1199,0.00277896
12,0.0070686
1,0.02226486
1299,0.05935259
13,0.02773542
135,0.00527423
1398,0.05434736
144,0.00478283
151,0.01210505
16,0.02138839
17,0.00596309
1880,0.00719706
1898,0.00258036
19,0.00873858
1928,0.01560407
2,0.01700261
23,0.00589706
2318,0.01600191
2388,0.01309447
2628,0.02050503
267,0.00213198
27,0.0158332
291,0.00384267
293,0.00227165
3,0.01487593
322,0.00544082
3328,0.006486
386,0.02064109
388,0.01888076
3988,0.03748134
4,0.01397673
494,0.00965565
5,0.14548622
6,0.01342191
66,0.00613588
688,0.01366139
700,0.05864118
762,0.00806428
83,0.00448485
836,0.00492924
857,0.02577236
883,0.03980424
939,0.06917257
941,0.07274419
992,0.00733091
