101,0.00765208
1044,0.01025745
1088,0.01172442
11,0.01268938
1109,0.00571504
1199,0.00265876
12,0.0064221
1,0.02234852
1299,0.06208706
13,0.02757007
135,0.00606619
1398,0.05073094
144,0.00476885
151,0.01095208
16,0.01743879
17,0.00522593
1880,0.0058049
1898,0.00280111
19,0.00779531
1928,0.01860822
2,0.01579521
23,0.00620591
2318,0.01929286
2388,0.01271734
2628,0.02440166
267,0.00240835
27,0.01847204
291,0.00431007
293,0.00254185
3,0.01375334
322,0.00590854
3328,0.0066477
386,0.02228851
388,0.01969863
3988,0.03907641
4,0.01280788
494,0.00810638
5,0.14594253
6,0.01146409
66,0.00573259
688,0.01291772
700,0.0656251
762,0.00961674
83,0.00414277
836,0.00471558
857,0.02537856
883,0.03720018
939,0.06931563
941,0.06605238
992,0.00814626
