101,0.00893662
1044,0.00848875
1088,0.01529367
11,0.01312554
1109,0.00632978
1199,0.00280143
12,0.00722066
1,0.02368328
1299,0.0449024
13,0.0251105
135,0.00709807
1398,0.0584339
144,0.0046299
151,0.01003269
16,0.0247839
17,0.00702725
1880,0.01085364
1898,0.00452719
19,0.00915985
1928,0.01273254
2,0.01686184
23,0.00664662
2318,0.01944815
2388,0.01340663
2600,0.00199032
2628,0.02600514
267,0.00273446
291,0.00442315
293,0.00238544
3,0.01558451
322,0.00582413
330,0.00276182
3328,0.00781864
386,0.02121594
388,0.02179805
3988,0.041805
4,0.01412215
494,0.00846239
5,0.15478541
6,0.01254163
66,0.00622312
688,0.01295722
700,0.04027331
762,0.00800013
83,0.00571492
836,0.00571561
857,0.03160099
883,0.03860343
939,0.07595876
941,0.06915957
