101,0.00973721
1044,0.00789557
1088,0.01630265
11,0.01282577
1109,0.00608059
1199,0.00260753
12,0.00746546
1,0.0233662
1299,0.04632966
13,0.02436644
135,0.00735985
1398,0.05733133
144,0.00437299
151,0.01097843
16,0.02399071
17,0.00627297
1880,0.0110244
1898,0.00464136
19,0.00919814
1928,0.01159141
2,0.01736211
23,0.00653042
2318,0.01865459
2388,0.0126007
2600,0.00197825
2628,0.02660006
267,0.00268236
291,0.00474191
293,0.00237115
3,0.01558233
322,0.00596036
330,0.00294129
3328,0.00722252
386,0.02081707
388,0.02035621
3988,0.03883669
4,0.01296874
494,0.01130803
5,0.1497409
6,0.01297596
66,0.00624023
688,0.01333701
700,0.03909428
762,0.00827067
83,0.00585
836,0.00532061
857,0.03273276
883,0.04234069
939,0.0739511
941,0.07689234
