101,0.00941628
1044,0.00892279
1088,0.01299246
11,0.01382414
1109,0.00667516
1199,0.00239338
12,0.00756025
1,0.02260552
1299,0.05778447
13,0.0250266
135,0.00680855
1398,0.05609868
144,0.00425986
151,0.01246248
16,0.02295474
17,0.00708739
1880,0.00817887
1898,0.00324368
19,0.00933116
1928,0.01369901
2,0.01805009
23,0.00602885
2318,0.01740979
2388,0.01376004
2628,0.02196992
267,0.00214761
291,0.0044499
293,0.00224184
3,0.01695663
322,0.0058487
330,0.00279125
3328,0.00752128
386,0.02320516
388,0.01986775
3988,0.0401609
4,0.01460749
494,0.00818295
5,0.1495853
6,0.01464473
66,0.00645729
688,0.01348747
700,0.04123101
762,0.00731198
83,0.00528802
836,0.00675392
857,0.02900201
883,0.03601349
939,0.07617252
941,0.071342
992,0.00618463
