101,0.00778467
1044,0.01024517
1088,0.01078393
11,0.01324048
1109,0.00624021
1199,0.00268387
12,0.00675673
1,0.02291872
1299,0.06450544
13,0.02796067
135,0.00538815
1398,0.05070697
144,0.00469991
151,0.01175944
16,0.01840778
17,0.00546998
1880,0.00670026
1898,0.00267808
19,0.00766989
1928,0.01828288
2,0.01595661
23,0.00617943
2318,0.01685715
2388,0.0125396
2628,0.02100458
267,0.00236762
27,0.01840734
291,0.00440298
293,0.00246467
3,0.01406546
322,0.00614836
3328,0.00669872
386,0.02186324
388,0.01864345
3988,0.03874741
4,0.01341128
494,0.00861065
5,0.14782826
6,0.01200009
66,0.00584922
688,0.01310378
700,0.06352564
762,0.00969343
83,0.00438363
836,0.00522741
857,0.02507361
883,0.03797102
939,0.06859265
941,0.06581658
992,0.00768292
