101,0.0073658
1044,0.00878457
1088,0.00964294
11,0.01306998
1109,0.00427824
1199,0.00238915
12,0.00636963
1,0.02569941
1299,0.06248008
13,0.02960119
135,0.00544957
1398,0.04672649
144,0.00347702
151,0.01049826
16,0.01927898
17,0.0061775
1880,0.00476307
19,0.0077996
1928,0.01825271
2,0.01614156
23,0.00588472
2318,0.01628405
2319,0.00746111
2388,0.01153711
2628,0.02116284
267,0.002969
27,0.0192921
291,0.00349076
293,0.00222498
3,0.01435214
322,0.00578088
3328,0.00606562
386,0.02394843
388,0.02136262
3988,0.03914035
4,0.01110596
494,0.00879865
5,0.14885313
6,0.0125031
66,0.00568187
688,0.01102319
700,0.08168263
762,0.00921365
83,0.00482817
836,0.00520911
857,0.02605879
883,0.03171474
939,0.06392913
941,0.06152409
992,0.00867133
