101,0.00707675
1044,0.00860161
1088,0.01005173
11,0.01278324
1109,0.00382106
1199,0.00247794
12,0.00622208
1,0.02523006
1299,0.06194414
13,0.02983486
135,0.00544864
1398,0.04773093
144,0.00363353
151,0.01068852
16,0.01912387
17,0.00605388
1880,0.00526747
19,0.00798486
1928,0.01870458
2,0.01591198
23,0.00592997
2318,0.01611635
2319,0.00648809
2388,0.01096904
2628,0.01994493
267,0.00294465
27,0.01910048
291,0.00341226
293,0.00225633
3,0.01412888
322,0.00561432
3328,0.00618307
386,0.02489479
388,0.02115428
3988,0.03639738
4,0.01116246
494,0.00887078
5,0.14633835
6,0.01240982
66,0.00571468
688,0.0101451
700,0.08748223
762,0.00942442
83,0.0050684
836,0.00556953
857,0.02727329
883,0.03282396
939,0.0651068
941,0.0604873
992,0.00799635
