101,0.00658232
1044,0.00919708
1088,0.00978032
11,0.01312096
1109,0.00488766
1199,0.00247855
12,0.00560444
1,0.02304766
1299,0.06233833
13,0.03041077
135,0.00609628
1398,0.04403576
144,0.00427255
151,0.01169478
16,0.01831408
17,0.00529386
1880,0.0060547
1898,0.00222358
19,0.00753467
1928,0.02141279
2,0.015648
23,0.00602348
2318,0.01749356
2388,0.01188559
2628,0.02303775
267,0.00250411
27,0.02468954
291,0.00358154
293,0.00254313
3,0.01307986
322,0.00581044
3328,0.00594507
386,0.02397513
388,0.01811998
3988,0.03532123
4,0.01118928
494,0.00810945
5,0.15046442
6,0.01226998
66,0.00556566
688,0.0116201
700,0.0949531
762,0.00838517
83,0.00448666
836,0.00489873
857,0.02353888
883,0.0309825
939,0.06116932
941,0.06069044
992,0.00763676
