101,0.00665789
1044,0.0083207
1088,0.00987781
11,0.0125061
1109,0.00459257
1199,0.00254263
12,0.00635226
1,0.02489327
1299,0.06317898
13,0.02823935
135,0.00528449
1398,0.04822221
144,0.00369536
151,0.00961474
16,0.01963158
17,0.00628349
1880,0.00564183
19,0.00789945
1928,0.01703894
2,0.01517449
23,0.00574168
2318,0.01663413
2319,0.00651501
2388,0.011263
2628,0.02134894
267,0.00311789
27,0.01874384
291,0.00347564
293,0.00216108
3,0.01341107
322,0.00531741
3328,0.00642007
386,0.02399647
388,0.0236504
3988,0.03626884
4,0.01155671
494,0.00762136
5,0.14577523
6,0.01205284
66,0.00552914
688,0.01185314
700,0.08983673
762,0.00991792
83,0.00495328
836,0.00521484
857,0.02668731
883,0.0306982
939,0.06213875
941,0.06483933
992,0.00761159
