101,0.0072097
1044,0.00911543
1088,0.00995476
11,0.01347192
1109,0.00454317
1199,0.00252989
12,0.00608732
1,0.02558635
1299,0.0631644
13,0.03151685
135,0.00544956
1398,0.04474409
144,0.00384631
151,0.01232494
16,0.01855289
17,0.00575187
1880,0.00519562
19,0.00791336
1928,0.01909907
2,0.01638618
23,0.00622528
2318,0.016273
2319,0.00815925
2388,0.01171647
2628,0.02073723
267,0.00311524
27,0.01978485
291,0.00369635
293,0.00240987
3,0.01430459
322,0.0058877
3328,0.00588459
386,0.02437662
388,0.02150763
3988,0.03778451
4,0.01146422
494,0.00919131
5,0.14815257
6,0.01296432
66,0.00591477
688,0.01084065
700,0.07540259
762,0.00987006
83,0.0048674
836,0.00521333
857,0.02642713
883,0.03193439
939,0.06279157
941,0.06233745
992,0.00832138
