101,0.00691746
1044,0.00830898
1088,0.00946504
11,0.01280798
1109,0.00479691
1199,0.0022937
12,0.00700694
1,0.02437318
1299,0.06640035
13,0.02670852
135,0.00423086
1398,0.04823911
144,0.0035792
151,0.00978734
16,0.01809322
17,0.00645435
1880,0.00583578
19,0.00821709
1928,0.0148978
2,0.01612117
23,0.00581507
2318,0.01642632
2319,0.00598466
2388,0.01216887
2628,0.02200405
267,0.00862105
27,0.01575219
291,0.00283645
293,0.00218714
3,0.01455589
322,0.00481908
3328,0.00648193
386,0.02185302
388,0.02431212
3988,0.0375658
4,0.01106518
494,0.00704904
5,0.13738013
6,0.01323506
66,0.00586314
688,0.01172085
700,0.08853112
762,0.00888446
83,0.00491488
836,0.00551465
857,0.02611272
883,0.02772536
939,0.06199187
941,0.07519962
992,0.00889331
