101,0.00663008
1044,0.00858884
1088,0.00946949
11,0.01264469
1109,0.00498182
1199,0.00238173
12,0.00696459
1,0.02506881
1299,0.06838327
13,0.02605862
135,0.00334953
1398,0.04950798
144,0.00384496
151,0.00945615
16,0.01862581
17,0.00616846
1880,0.00521862
19,0.00883126
1928,0.01440378
2,0.01640889
23,0.00580225
2318,0.01725756
2319,0.00546959
2388,0.01294881
2628,0.02496766
267,0.00863932
27,0.01573908
291,0.00252762
293,0.00272633
3,0.01466969
322,0.00472074
3328,0.00720203
386,0.02032522
388,0.02411038
3988,0.04063229
4,0.01085085
494,0.00636173
5,0.13609886
6,0.01312951
66,0.00584749
688,0.01218954
700,0.08844663
762,0.00885285
83,0.00489465
836,0.00558443
857,0.02219039
883,0.02504382
939,0.06307211
941,0.07425532
992,0.00845588
