101,0.00696873
1044,0.0082269
1088,0.00938509
11,0.01233065
1109,0.00447851
1199,0.00233112
12,0.00673951
1,0.02431347
1299,0.06406813
13,0.027023
135,0.00507472
1398,0.04639698
144,0.0036249
151,0.00879707
16,0.01978247
17,0.00628163
1880,0.00573154
19,0.00821604
1928,0.01461987
2,0.01552204
23,0.00570642
2318,0.01575982
2319,0.00608069
2388,0.01195617
2628,0.02036472
267,0.00303553
27,0.0163477
291,0.00315956
293,0.00207932
3,0.01376705
322,0.00526767
3328,0.00608873
386,0.02487191
388,0.02398769
3988,0.03523735
4,0.01124105
494,0.00699221
5,0.14625183
6,0.01244402
66,0.00561548
688,0.01100837
700,0.08787306
762,0.01001926
83,0.00506235
836,0.00564004
857,0.02924932
883,0.03451093
939,0.05936535
941,0.07243309
992,0.00867091
