101,0.00682238
1044,0.00948764
1088,0.00963297
11,0.01313519
1109,0.0052736
1199,0.00245295
12,0.00558206
1,0.02257295
1299,0.06086878
13,0.02903506
135,0.00587209
1398,0.04721422
144,0.00424342
151,0.01077476
16,0.01812255
17,0.00530134
1880,0.00549541
1898,0.00225252
19,0.00750959
1928,0.02046635
2,0.01569703
23,0.00571909
2318,0.01808918
2388,0.01234574
2628,0.02230104
267,0.00225195
27,0.02505863
291,0.00392441
293,0.00268604
3,0.01295743
322,0.00556572
3328,0.00624877
386,0.02228976
388,0.01901516
3988,0.03694786
4,0.01135153
494,0.00893504
5,0.15348794
6,0.01143345
66,0.00562534
688,0.01210216
700,0.08584286
762,0.0085898
83,0.004363
836,0.00499074
857,0.02239998
883,0.03080097
939,0.06411658
941,0.06313135
992,0.0096156
