101,0.00733497
1044,0.00980154
1088,0.01110883
11,0.01285106
1109,0.00524359
1199,0.00248556
12,0.00558824
1,0.02274016
1299,0.06263425
13,0.03003691
135,0.00588941
1398,0.04864103
144,0.00430147
151,0.01088951
16,0.01777989
17,0.00495668
1880,0.00556279
1898,0.00239369
19,0.00770335
1928,0.02048595
2,0.01552831
23,0.00603283
2318,0.01888793
2388,0.01229349
2628,0.02412375
267,0.00260385
27,0.02157757
291,0.00413681
293,0.00258746
3,0.01363382
322,0.00586523
3328,0.0064008
386,0.02159058
388,0.0190735
3988,0.0379145
4,0.01201094
494,0.00782378
5,0.15088651
6,0.01143367
66,0.00568775
688,0.01190911
700,0.07384673
762,0.00921838
83,0.00423824
836,0.00470923
857,0.02397564
883,0.03442814
939,0.06580838
941,0.06482083
992,0.00852339
