101,0.00661635
1044,0.00812768
1088,0.00982261
11,0.01273062
1109,0.00435932
1199,0.00242452
12,0.00705048
1,0.02372805
1299,0.06456046
13,0.02674989
135,0.00482782
1398,0.04766781
144,0.00367176
151,0.00937891
16,0.01802702
17,0.00627358
1880,0.00540622
19,0.00846243
1928,0.01308291
2,0.01577174
23,0.00591192
2318,0.01583289
2319,0.0058562
2388,0.01222654
2628,0.0214072
267,0.00861714
27,0.01405054
291,0.00295999
293,0.00225292
3,0.01418404
322,0.00534029
3328,0.00632155
386,0.02316055
388,0.02475263
3988,0.0369059
4,0.01116454
494,0.00689072
5,0.14489709
6,0.01271372
66,0.00590315
688,0.01090109
700,0.08662818
762,0.00925588
83,0.00481908
836,0.00536429
857,0.02802553
883,0.03175645
939,0.06110879
941,0.07321737
992,0.00883365
