101,0.00698323
1044,0.00893076
1088,0.0105037
11,0.01305455
1109,0.00481551
1199,0.00242001
12,0.00591711
1,0.02498571
1299,0.06192833
13,0.03084281
135,0.00577874
1398,0.04550036
144,0.00400738
151,0.01190454
16,0.01784364
17,0.00563448
1880,0.0049173
19,0.00797188
1928,0.02114783
2,0.01541657
23,0.00580828
2318,0.01814778
2319,0.00747827
2388,0.01123295
2628,0.02243436
267,0.00311542
27,0.02330671
291,0.00364823
293,0.00238502
3,0.01358159
322,0.00606719
3328,0.0061334
386,0.02458641
388,0.01815472
3988,0.03773052
4,0.01081453
494,0.00937791
5,0.14639601
6,0.01295803
66,0.00578756
688,0.01147597
700,0.08675991
762,0.00843129
83,0.00467697
836,0.005396
857,0.02486346
883,0.02871624
939,0.06266991
941,0.05913099
992,0.00822992
