101,0.00625353
1044,0.00826968
1088,0.00999966
11,0.01266716
1109,0.00535088
12,0.00731043
1,0.02321505
1299,0.0666341
13,0.02439136
135,0.00303439
1398,0.05353402
144,0.00428705
151,0.00950958
16,0.02140756
17,0.00610224
1880,0.00518596
19,0.00762194
1928,0.01183778
2,0.01633688
23,0.00564146
2318,0.02063011
2319,0.0056242
2388,0.01231117
2628,0.02904915
267,0.00844157
27,0.01306526
291,0.0025207
293,0.00255699
3,0.01436111
322,0.00445565
3328,0.00812453
386,0.02044342
388,0.02442747
3988,0.04450734
4,0.00978962
494,0.00544711
5,0.12628019
6,0.01338358
66,0.00593672
688,0.01207755
700,0.08107146
762,0.0079777
823,0.01427393
83,0.00486679
836,0.00492006
857,0.02326285
883,0.02390352
939,0.06871915
941,0.07099075
992,0.00798967
