101,0.00597533
1044,0.00857353
1088,0.00835547
11,0.013096
1109,0.0050918
12,0.00674049
1,0.02583485
1299,0.06659306
13,0.0274173
135,0.00298376
1398,0.05057109
144,0.0045786
151,0.00751439
16,0.02081032
17,0.00591314
1880,0.00471354
19,0.00755653
1928,0.01037662
2,0.01600639
23,0.00544007
2318,0.02722821
2319,0.00581457
2388,0.01225721
2628,0.02996472
267,0.00821564
27,0.01115757
291,0.00237239
293,0.00248694
3,0.01336766
322,0.00463216
3328,0.00709183
386,0.02008443
388,0.02406089
3988,0.0429099
4,0.0093414
494,0.0056205
5,0.11254245
6,0.01340729
66,0.00635391
688,0.01170608
700,0.09256281
762,0.00946915
823,0.01373894
83,0.00465618
836,0.00477584
857,0.02299743
883,0.02409456
939,0.06573104
941,0.07836624
992,0.00884977
