101,0.00628714
1044,0.00900746
1088,0.00886057
11,0.01274139
1109,0.00497793
12,0.00713761
1,0.0253193
1299,0.06687048
13,0.02691183
135,0.00319698
1398,0.05050655
144,0.00448818
151,0.00829902
16,0.02192546
17,0.00606227
1880,0.00500267
19,0.00751787
1928,0.01129875
2,0.01608729
23,0.00556285
2318,0.02641604
2319,0.00594615
2388,0.01237167
2628,0.02793622
267,0.00813947
27,0.0117154
291,0.00252513
293,0.00262073
3,0.01377416
322,0.00460568
3328,0.00700176
386,0.0191882
388,0.02431724
3988,0.04229997
4,0.01053947
494,0.00552149
5,0.11832003
6,0.01383746
66,0.00615665
688,0.01125705
700,0.0910544
762,0.00860841
823,0.01476165
83,0.00483595
836,0.00515596
857,0.02171833
883,0.02230536
939,0.06431711
941,0.07716528
992,0.00752597
