1,0.02616598
101,0.00583524
1044,0.00883373
1088,0.00800683
11,0.01275277
1109,0.00601504
12,0.00693641
1299,0.07008919
13,0.02732913
135,0.00286798
1398,0.05025794
144,0.00460198
151,0.00731137
16,0.02232442
17,0.00573032
1880,0.00491575
19,0.00739328
1928,0.00934667
2,0.01481313
23,0.00514888
2318,0.02911778
2319,0.00657865
2388,0.0122543
2628,0.03058227
267,0.00792877
27,0.0099431
291,0.00217931
293,0.00258775
3,0.01332279
322,0.00379051
3328,0.00695661
386,0.01867811
388,0.02566267
3988,0.04293734
4,0.00879169
494,0.00528108
5,0.11274498
6,0.01287965
66,0.00639609
688,0.01249503
700,0.09844079
762,0.00882234
823,0.01313222
83,0.00453267
836,0.00455075
857,0.02153496
883,0.02331842
939,0.064588
941,0.0736624
992,0.0096329
